0010000000111000
0100000000011000
0110000000101000
1000000000011000
1010001001001000
1100010000001000
0010000000100111
0100000001000111
0000000001100111
0010110010000010
0101000100000010
0011100000000011
0000000011111111
0000001000111100
0010010000001000
0000010000000011
0000000100111111
0000001000111100
0010000000011000
0101010000000011
0000000101111111
0000001001011100
0100001001001000
0000100000000011
0000000110111111
0000001001011100
0100000000011000
1110000000011000
0010000000100111
0100000001000111
1110000001100111
1110000010000111
1111111110100100
0000000001101110
0000000000000001
0000110110000011
0000000000001101
0001001000000011
0000000000001101
