0010000011111000
0100000110001000
0110001111001000
0110110010001011
0110000011011000
0110110010101011
0110000011101000
0110110011001011
0110000111001000
0110110011101011
0110110010101010
1000000010110111
0111000110000010
1000000001111000
0111000111000110
0110000010111000
1000110110000010
0110110010101011
1111111110100100
1110000001100111
0010000000100111
0100000001000111
1110000000011000
0011111000000010
1000000000100111
0100000001000111
1110000000011000
0101111000000010
0010000000100111
1000000001000111
1110000000011000
0011111000000010
0101111010000010
1000000000100111
1010000001000111
1111111110100100
1110000001100111
0110110010001010
1101101100100100
0110000000100111
1100000001000111
1110000000011000
1101111100000010
1110001100001000
1101110000000011
0000001001111111
1110000010110111
0001110000000011
1000001101111111
1110000001001000
0101110100000011
0000001101011111
0000001110011110
0100100100100100
0000001110011110
1110000000011000
0101110100000010
1110001011101000
0101110000000011
0000001111011111
0000000000000001
0110110010001010
1000000000101000
0111000110000011
0000010000111111
0110110010001011
0000010100011110
0110001111111000
0110110010001011
1000110010101010
1010000111111000
1001011000000011
0100010001111111
1010000111111000
1001011000000010
1010000001001000
1001011000000010
1000110011001011
1010000011101000
1001011000000010
1000110011101011
0110110010001010
1110000011101000
0111110000000011
1000010111001111
1110000011111000
0111110000000011
1000010111001111
1110000100001000
0111110000000011
1000010111001111
0000011001101110
1000110011001010
0101000000000011
0000011001011111
1010110011101010
1110000000011000
0101111000000010
1001010000000011
0100011001011111
0000011001101110
0000000000000001
1110000000101000
1110000001100111
0110110010001010
1000110011001010
1010110011101010
1101101100100100
1101000000000011
0000011100001111
1101010000000011
0000011100101111
0110000000100111
1100000001000111
1110000000011000
1101111100000010
1110001100001000
1101110000000011
0000011011001111
1110000000011000
1110000001100111
0010000000100111
0100000001000111
1110000000011000
0011111000000010
1000000000100111
0100000001000111
1110000000011000
0101111000000010
0010000000100111
1000000001000111
1110000000011000
0011111000000010
0101111010000010
1000000000100111
1010000001000111
1110000000011000
1110000010000111
1101111010001000
1110000000011000
1101111100000011
1100100010111111
0000000010101110
